{
  "epsilon_result": {
    "f1": 0.9642134203216346,
    "precision": 0.9770991993473589,
    "recall": 0.9516728270753597,
    "TP": 256.0,
    "TN": 23205.0,
    "FP": 6.0,
    "FN": 13.0,
    "threshold": 0.2136812824755907,
    "latency": 2.3749703128710893,
    "reg_level": 1.0
  },
  "pot_result": {
    "f1": 0.9693436265873024,
    "precision": 0.9999999604743098,
    "recall": 0.9405204111330703,
    "TP": 253.0,
    "TN": 23211.0,
    "FP": 0.0,
    "FN": 16.0,
    "threshold": 0.2682455323862998,
    "latency": 4.999928572448965
  },
  "bf_result": {
    "f1": 0.9693436265873024,
    "precision": 0.9999999604743098,
    "recall": 0.9405204111330703,
    "TP": 253.0,
    "TN": 23211.0,
    "FP": 0.0,
    "FN": 16.0,
    "threshold": 0.26870000000000005,
    "latency": 4.999928572448965
  }
}