{
  "epsilon_result": {
    "f1": 0.9624009795188765,
    "precision": 0.9733839934074529,
    "recall": 0.9516728270753597,
    "TP": 256.0,
    "TN": 23204.0,
    "FP": 7.0,
    "FN": 13.0,
    "threshold": 0.21493255998939276,
    "latency": 2.3749703128710893,
    "reg_level": 1.0
  },
  "pot_result": {
    "f1": 0.9693436265873024,
    "precision": 0.9999999604743098,
    "recall": 0.9405204111330703,
    "TP": 253.0,
    "TN": 23211.0,
    "FP": 0.0,
    "FN": 16.0,
    "threshold": 0.2752884720646832,
    "latency": 7.428465307638462
  },
  "bf_result": {
    "f1": 0.9693436265873024,
    "precision": 0.9999999604743098,
    "recall": 0.9405204111330703,
    "TP": 253.0,
    "TN": 23211.0,
    "FP": 0.0,
    "FN": 16.0,
    "threshold": 0.26870000000000005,
    "latency": 7.428465307638462
  }
}