{
  "epsilon_result": {
    "f1": 0.8844336719065914,
    "precision": 0.7928193031406141,
    "recall": 0.9999999962880475,
    "TP": 2694.0,
    "TN": 24862.0,
    "FP": 704.0,
    "FN": 0.0,
    "threshold": 0.224121181294322,
    "latency": 3.374957813027337,
    "reg_level": 1.0
  },
  "pot_result": {
    "f1": 0.8113187714232069,
    "precision": 0.6825437023497752,
    "recall": 0.9999999962880475,
    "TP": 2694.0,
    "TN": 24313.0,
    "FP": 1253.0,
    "FN": 0.0,
    "threshold": 0.17246644688508223,
    "latency": 3.374957813027337
  },
  "bf_result": {
    "f1": 0.9998094331303373,
    "precision": 0.999628938776887,
    "recall": 0.9999999962880475,
    "TP": 2694.0,
    "TN": 25565.0,
    "FP": 1.0,
    "FN": 0.0,
    "threshold": 0.7662000000000008,
    "latency": 51.74935313308584
  }
}