{
  "epsilon_result": {
    "f1": 0.888476284951073,
    "precision": 0.893726930673602,
    "recall": 0.8832968571604898,
    "TP": 1211.0,
    "TN": 26985.0,
    "FP": 144.0,
    "FN": 160.0,
    "threshold": 0.41056375205516815,
    "latency": 1.4999625009374766,
    "reg_level": 1.0
  },
  "pot_result": {
    "f1": 0.902715830602667,
    "precision": 0.9230182856477265,
    "recall": 0.8832968571604898,
    "TP": 1211.0,
    "TN": 27028.0,
    "FP": 101.0,
    "FN": 160.0,
    "threshold": 0.42288763329478196,
    "latency": 1.4999625009374766
  },
  "bf_result": {
    "f1": 0.9380275448805611,
    "precision": 0.9999999917423618,
    "recall": 0.8832968571604898,
    "TP": 1211.0,
    "TN": 27129.0,
    "FP": 0.0,
    "FN": 160.0,
    "threshold": 0.5473000000000005,
    "latency": 38.74903127421815
  }
}