{
  "epsilon_result": {
    "f1": 0.8756654791512377,
    "precision": 0.7788378121455974,
    "recall": 0.9999999962880475,
    "TP": 2694.0,
    "TN": 24801.0,
    "FP": 765.0,
    "FN": 0.0,
    "threshold": 0.22954355040565133,
    "latency": 3.374957813027337,
    "reg_level": 1.0
  },
  "pot_result": {
    "f1": 0.8115631823468885,
    "precision": 0.6828897321092782,
    "recall": 0.9999999962880475,
    "TP": 2694.0,
    "TN": 24315.0,
    "FP": 1251.0,
    "FN": 0.0,
    "threshold": 0.18000170880880542,
    "latency": 3.374957813027337
  },
  "bf_result": {
    "f1": 0.9998094331303373,
    "precision": 0.999628938776887,
    "recall": 0.9999999962880475,
    "TP": 2694.0,
    "TN": 25565.0,
    "FP": 1.0,
    "FN": 0.0,
    "threshold": 0.7861000000000008,
    "latency": 51.74935313308584
  }
}