{
  "epsilon_result": {
    "f1": 0.874386507430703,
    "precision": 0.7768166067565841,
    "recall": 0.9999999962880475,
    "TP": 2694.0,
    "TN": 24792.0,
    "FP": 774.0,
    "FN": 0.0,
    "threshold": 0.21720439661294222,
    "latency": 3.374957813027337,
    "reg_level": 1.0
  },
  "pot_result": {
    "f1": 0.816235130036141,
    "precision": 0.6895316081660312,
    "recall": 0.9999999962880475,
    "TP": 2694.0,
    "TN": 24353.0,
    "FP": 1213.0,
    "FN": 0.0,
    "threshold": 0.17453557400116979,
    "latency": 3.374957813027337
  },
  "bf_result": {
    "f1": 0.9998094331303373,
    "precision": 0.999628938776887,
    "recall": 0.9999999962880475,
    "TP": 2694.0,
    "TN": 25565.0,
    "FP": 1.0,
    "FN": 0.0,
    "threshold": 0.7662000000000008,
    "latency": 51.74935313308584
  }
}