{
  "epsilon_result": {
    "f1": 0.5372217740530052,
    "precision": 0.36726493338530686,
    "recall": 0.999999992706054,
    "TP": 1371.0,
    "TN": 24767.0,
    "FP": 2362.0,
    "FN": 0.0,
    "threshold": 0.18254946917295456,
    "latency": 0.6666555557407376,
    "reg_level": 1.0
  },
  "pot_result": {
    "f1": 0.679717869488988,
    "precision": 0.5148328932976609,
    "recall": 0.999999992706054,
    "TP": 1371.0,
    "TN": 25837.0,
    "FP": 1292.0,
    "FN": 0.0,
    "threshold": 0.2016122322699023,
    "latency": 0.9999833336111065
  },
  "bf_result": {
    "f1": 0.9380275448805611,
    "precision": 0.9999999917423618,
    "recall": 0.8832968571604898,
    "TP": 1211.0,
    "TN": 27129.0,
    "FP": 0.0,
    "FN": 160.0,
    "threshold": 0.4279000000000003,
    "latency": 63.24841878953026
  }
}