{
  "epsilon_result": {
    "f1": 0.8861792724088898,
    "precision": 0.7956290584889868,
    "recall": 0.9999999962880475,
    "TP": 2694.0,
    "TN": 24874.0,
    "FP": 692.0,
    "FN": 0.0,
    "threshold": 0.251601193100214,
    "latency": 3.374957813027337,
    "reg_level": 1.0
  },
  "pot_result": {
    "f1": 0.8164825125061428,
    "precision": 0.6898847613575294,
    "recall": 0.9999999962880475,
    "TP": 2694.0,
    "TN": 24355.0,
    "FP": 1211.0,
    "FN": 0.0,
    "threshold": 0.1934565199884615,
    "latency": 3.374957813027337
  },
  "bf_result": {
    "f1": 0.9998094331303373,
    "precision": 0.999628938776887,
    "recall": 0.9999999962880475,
    "TP": 2694.0,
    "TN": 25565.0,
    "FP": 1.0,
    "FN": 0.0,
    "threshold": 0.7861000000000008,
    "latency": 51.74935313308584
  }
}