{
  "epsilon_result": {
    "f1": 0.8970320316300506,
    "precision": 0.9112114303144362,
    "recall": 0.8832968571604898,
    "TP": 1211.0,
    "TN": 27011.0,
    "FP": 118.0,
    "FN": 160.0,
    "threshold": 0.4092063046991825,
    "latency": 19.24951876203095,
    "reg_level": 1.0
  },
  "pot_result": {
    "f1": 0.9209075496200742,
    "precision": 0.9618744959342772,
    "recall": 0.8832968571604898,
    "TP": 1211.0,
    "TN": 27081.0,
    "FP": 48.0,
    "FN": 160.0,
    "threshold": 0.4351276614130587,
    "latency": 29.249268768280796
  },
  "bf_result": {
    "f1": 0.9380275448805611,
    "precision": 0.9999999917423618,
    "recall": 0.8832968571604898,
    "TP": 1211.0,
    "TN": 27129.0,
    "FP": 0.0,
    "FN": 160.0,
    "threshold": 0.5274000000000004,
    "latency": 35.49911252218695
  }
}