{
  "epsilon_result": {
    "f1": 0.7464624847752478,
    "precision": 0.5954907148640789,
    "recall": 0.9999999962880475,
    "TP": 2694.0,
    "TN": 23736.0,
    "FP": 1830.0,
    "FN": 0.0,
    "threshold": 0.6356336660683155,
    "latency": 3.374957813027337,
    "reg_level": 1.0
  },
  "pot_result": {
    "f1": 0.7977446839814534,
    "precision": 0.6635467963952049,
    "recall": 0.9999999962880475,
    "TP": 2694.0,
    "TN": 24200.0,
    "FP": 1366.0,
    "FN": 0.0,
    "threshold": 0.7017907862885785,
    "latency": 3.624954688066399
  },
  "bf_result": {
    "f1": 0.9874995907877275,
    "precision": 0.9778020342874744,
    "recall": 0.9974016295567868,
    "TP": 2687.0,
    "TN": 25505.0,
    "FP": 61.0,
    "FN": 7.0,
    "threshold": 1.2239000000000013,
    "latency": 265.1946961060779
  }
}