{
  "epsilon_result": {
    "f1": 0.9181147885555692,
    "precision": 0.9558010974285628,
    "recall": 0.8832968571604898,
    "TP": 1211.0,
    "TN": 27073.0,
    "FP": 56.0,
    "FN": 160.0,
    "threshold": 0.4323280043900013,
    "latency": 3.999900002499938,
    "reg_level": 1.0
  },
  "pot_result": {
    "f1": 0.8731024204985469,
    "precision": 0.8631503858649295,
    "recall": 0.8832968571604898,
    "TP": 1211.0,
    "TN": 26937.0,
    "FP": 192.0,
    "FN": 160.0,
    "threshold": 0.39230276093164546,
    "latency": 1.7499562510937228
  },
  "bf_result": {
    "f1": 0.9376643884058228,
    "precision": 0.9991749092477318,
    "recall": 0.8832968571604898,
    "TP": 1211.0,
    "TN": 27128.0,
    "FP": 1.0,
    "FN": 160.0,
    "threshold": 0.5473000000000005,
    "latency": 39.49901252468688
  }
}