{
  "epsilon_result": {
    "f1": 0.03965512895680704,
    "precision": 0.020228851634420873,
    "recall": 0.9999999494949521,
    "TP": 198.0,
    "TN": 18692.0,
    "FP": 9590.0,
    "FN": 0.0,
    "threshold": 0.17884839326143265,
    "latency": 0.0,
    "reg_level": 1.0
  },
  "pot_result": {
    "f1": 0.013987357121060558,
    "precision": 0.0070430050129680205,
    "recall": 0.9999999494949521,
    "TP": 198.0,
    "TN": 367.0,
    "FP": 27915.0,
    "FN": 0.0,
    "threshold": 0.07017969141267565,
    "latency": 0.0
  },
  "bf_result": {
    "f1": 0.05177773816981584,
    "precision": 0.026577181172379623,
    "recall": 0.9999999494949521,
    "TP": 198.0,
    "TN": 21030.0,
    "FP": 7252.0,
    "FN": 0.0,
    "threshold": 1.5821000000000018,
    "latency": 3.333222225925802
  }
}