{
  "epsilon_result": {
    "f1": 0.8755231864457401,
    "precision": 0.77861271451268,
    "recall": 0.9999999962880475,
    "TP": 2694.0,
    "TN": 24800.0,
    "FP": 766.0,
    "FN": 0.0,
    "threshold": 0.2506862599402666,
    "latency": 3.374957813027337,
    "reg_level": 1.0
  },
  "pot_result": {
    "f1": 0.8148772015749391,
    "precision": 0.6875957103430431,
    "recall": 0.9999999962880475,
    "TP": 2694.0,
    "TN": 24342.0,
    "FP": 1224.0,
    "FN": 0.0,
    "threshold": 0.19904733457975213,
    "latency": 3.374957813027337
  },
  "bf_result": {
    "f1": 0.9998094331303373,
    "precision": 0.999628938776887,
    "recall": 0.9999999962880475,
    "TP": 2694.0,
    "TN": 25565.0,
    "FP": 1.0,
    "FN": 0.0,
    "threshold": 0.8060000000000008,
    "latency": 51.74935313308584
  }
}