{
  "epsilon_result": {
    "f1": 0.8771543788859125,
    "precision": 0.7811965767453186,
    "recall": 0.999999992706054,
    "TP": 1371.0,
    "TN": 26745.0,
    "FP": 384.0,
    "FN": 0.0,
    "threshold": 0.20436976104974747,
    "latency": 11.999800003333279,
    "reg_level": 1.0
  },
  "pot_result": {
    "f1": 0.24836738952803972,
    "precision": 0.14179336007674698,
    "recall": 0.999999992706054,
    "TP": 1371.0,
    "TN": 18831.0,
    "FP": 8298.0,
    "FN": 0.0,
    "threshold": 0.11031275554230875,
    "latency": 0.0
  },
  "bf_result": {
    "f1": 0.9354913408912138,
    "precision": 0.9942528654002228,
    "recall": 0.8832968571604898,
    "TP": 1211.0,
    "TN": 27122.0,
    "FP": 7.0,
    "FN": 160.0,
    "threshold": 0.40800000000000025,
    "latency": 69.74825629359266
  }
}