{
  "epsilon_result": {
    "f1": 0.8170848340409183,
    "precision": 0.8693000277820215,
    "recall": 0.7707957754689727,
    "TP": 5986.0,
    "TN": 64754.0,
    "FP": 900.0,
    "FN": 1780.0,
    "threshold": 0.6584656983613968,
    "latency": 55.22201769623076,
    "reg_level": 0.0
  },
  "pot_result": {
    "f1": 0.5786797537470727,
    "precision": 0.9869605681870208,
    "recall": 0.4093484413992423,
    "TP": 3179.0,
    "TN": 65612.0,
    "FP": 42.0,
    "FN": 4587.0,
    "threshold": 0.9692222288121413,
    "latency": 118.81710166271216
  },
  "bf_result": {
    "f1": 0.8946132756790981,
    "precision": 0.8702215718648386,
    "recall": 0.920422352664921,
    "TP": 7148.0,
    "TN": 64588.0,
    "FP": 1066.0,
    "FN": 618.0,
    "threshold": 0.6269000000000006,
    "latency": 40.48261902545163
  }
}