{
  "epsilon_result": {
    "f1": 0.8721592005192325,
    "precision": 0.8613086709722001,
    "recall": 0.8832968571604898,
    "TP": 1211.0,
    "TN": 26934.0,
    "FP": 195.0,
    "FN": 160.0,
    "threshold": 0.4288746193051338,
    "latency": 1.999950001249969,
    "reg_level": 1.0
  },
  "pot_result": {
    "f1": 0.9237173528055578,
    "precision": 0.9680255717983568,
    "recall": 0.8832968571604898,
    "TP": 1211.0,
    "TN": 27089.0,
    "FP": 40.0,
    "FN": 160.0,
    "threshold": 0.48193085195437485,
    "latency": 29.249268768280796
  },
  "bf_result": {
    "f1": 0.9380275448805611,
    "precision": 0.9999999917423618,
    "recall": 0.8832968571604898,
    "TP": 1211.0,
    "TN": 27129.0,
    "FP": 0.0,
    "FN": 160.0,
    "threshold": 0.5672000000000005,
    "latency": 39.49901252468688
  }
}