{
  "epsilon_result": {
    "f1": 0.5431814612428368,
    "precision": 0.37285830738956127,
    "recall": 0.999999992706054,
    "TP": 1371.0,
    "TN": 24823.0,
    "FP": 2306.0,
    "FN": 0.0,
    "threshold": 0.1905750297009945,
    "latency": 0.9999833336111065,
    "reg_level": 1.0
  },
  "pot_result": {
    "f1": 0.8268950242321105,
    "precision": 0.704884315141983,
    "recall": 0.999999992706054,
    "TP": 1371.0,
    "TN": 26555.0,
    "FP": 574.0,
    "FN": 0.0,
    "threshold": 0.23368989229204956,
    "latency": 11.33314444759254
  },
  "bf_result": {
    "f1": 0.9380275448805611,
    "precision": 0.9999999917423618,
    "recall": 0.8832968571604898,
    "TP": 1211.0,
    "TN": 27129.0,
    "FP": 0.0,
    "FN": 160.0,
    "threshold": 0.40800000000000025,
    "latency": 59.49851253718657
  }
}