{
  "epsilon_result": {
    "f1": 0.8765784177868866,
    "precision": 0.8699712581180226,
    "recall": 0.8832968571604898,
    "TP": 1211.0,
    "TN": 26948.0,
    "FP": 181.0,
    "FN": 160.0,
    "threshold": 0.3868124336004257,
    "latency": 1.999950001249969,
    "reg_level": 1.0
  },
  "pot_result": {
    "f1": 0.8674735054469621,
    "precision": 0.85221674277117,
    "recall": 0.8832968571604898,
    "TP": 1211.0,
    "TN": 26919.0,
    "FP": 210.0,
    "FN": 160.0,
    "threshold": 0.3809942768755671,
    "latency": 1.999950001249969
  },
  "bf_result": {
    "f1": 0.9380275448805611,
    "precision": 0.9999999917423618,
    "recall": 0.8832968571604898,
    "TP": 1211.0,
    "TN": 27129.0,
    "FP": 0.0,
    "FN": 160.0,
    "threshold": 0.5274000000000004,
    "latency": 39.49901252468688
  }
}