{
  "epsilon_result": {
    "f1": 0.8696430337989461,
    "precision": 0.7693602650428717,
    "recall": 0.999999992706054,
    "TP": 1371.0,
    "TN": 26718.0,
    "FP": 411.0,
    "FN": 0.0,
    "threshold": 0.20324430149048567,
    "latency": 12.666455559074016,
    "reg_level": 1.0
  },
  "pot_result": {
    "f1": 0.23463766835799718,
    "precision": 0.13291323302674432,
    "recall": 0.999999992706054,
    "TP": 1371.0,
    "TN": 18185.0,
    "FP": 8944.0,
    "FN": 0.0,
    "threshold": 0.10699210739951023,
    "latency": 0.0
  },
  "bf_result": {
    "f1": 0.9365766041725667,
    "precision": 0.9967078107266847,
    "recall": 0.8832968571604898,
    "TP": 1211.0,
    "TN": 27125.0,
    "FP": 4.0,
    "FN": 160.0,
    "threshold": 0.4279000000000003,
    "latency": 74.24814379640509
  }
}