{
  "epsilon_result": {
    "f1": 0.8819724771648804,
    "precision": 0.7888726184806072,
    "recall": 0.9999999962880475,
    "TP": 2694.0,
    "TN": 24845.0,
    "FP": 721.0,
    "FN": 0.0,
    "threshold": 0.22888971911743283,
    "latency": 3.374957813027337,
    "reg_level": 1.0
  },
  "pot_result": {
    "f1": 0.8113187714232069,
    "precision": 0.6825437023497752,
    "recall": 0.9999999962880475,
    "TP": 2694.0,
    "TN": 24313.0,
    "FP": 1253.0,
    "FN": 0.0,
    "threshold": 0.17638477867708618,
    "latency": 3.374957813027337
  },
  "bf_result": {
    "f1": 0.9998094331303373,
    "precision": 0.999628938776887,
    "recall": 0.9999999962880475,
    "TP": 2694.0,
    "TN": 25565.0,
    "FP": 1.0,
    "FN": 0.0,
    "threshold": 0.7662000000000008,
    "latency": 51.74935313308584
  }
}