{
  "epsilon_result": {
    "f1": 0.8813953619277717,
    "precision": 0.7879496905880383,
    "recall": 0.9999999962880475,
    "TP": 2694.0,
    "TN": 24841.0,
    "FP": 725.0,
    "FN": 0.0,
    "threshold": 0.22189034335315228,
    "latency": 3.374957813027337,
    "reg_level": 1.0
  },
  "pot_result": {
    "f1": 0.8090041889960331,
    "precision": 0.6792738258212965,
    "recall": 0.9999999962880475,
    "TP": 2694.0,
    "TN": 24294.0,
    "FP": 1272.0,
    "FN": 0.0,
    "threshold": 0.16833736071909802,
    "latency": 3.374957813027337
  },
  "bf_result": {
    "f1": 0.9998094331303373,
    "precision": 0.999628938776887,
    "recall": 0.9999999962880475,
    "TP": 2694.0,
    "TN": 25565.0,
    "FP": 1.0,
    "FN": 0.0,
    "threshold": 0.7264000000000007,
    "latency": 51.74935313308584
  }
}