{
  "epsilon_result": {
    "f1": 0.8970320316300506,
    "precision": 0.9112114303144362,
    "recall": 0.8832968571604898,
    "TP": 1211.0,
    "TN": 27011.0,
    "FP": 118.0,
    "FN": 160.0,
    "threshold": 0.39837946370244026,
    "latency": 2.249943751406215,
    "reg_level": 1.0
  },
  "pot_result": {
    "f1": 0.9177668839775088,
    "precision": 0.9550473110800686,
    "recall": 0.8832968571604898,
    "TP": 1211.0,
    "TN": 27072.0,
    "FP": 57.0,
    "FN": 160.0,
    "threshold": 0.42028769443153124,
    "latency": 26.499337516562086
  },
  "bf_result": {
    "f1": 0.9380275448805611,
    "precision": 0.9999999917423618,
    "recall": 0.8832968571604898,
    "TP": 1211.0,
    "TN": 27129.0,
    "FP": 0.0,
    "FN": 160.0,
    "threshold": 0.5075000000000004,
    "latency": 36.499087522811934
  }
}